+-------+------+-----------------+----------+-----------+---------------------+-----------+
| Month | Year | Monthly Payment | Interest | Principal | Total Interest Paid | Balance   |
+-------+------+-----------------+----------+-----------+---------------------+-----------+
| Dec   | 2021 | 7830.07         | 1575.0   | 6255.07   | 1575.0              | 413744.93 |
| Jan   | 2022 | 7830.07         | 1551.54  | 6278.52   | 3126.54             | 407466.41 |
| Feb   | 2022 | 7830.07         | 1528.0   | 6302.07   | 4654.54             | 401164.34 |
| Mar   | 2022 | 7830.07         | 1504.37  | 6325.7    | 6158.91             | 394838.64 |
| Apr   | 2022 | 7830.07         | 1480.64  | 6349.42   | 7639.55             | 388489.21 |
| May   | 2022 | 7830.07         | 1456.83  | 6373.23   | 9096.39             | 382115.98 |
| June  | 2022 | 7830.07         | 1432.93  | 6397.13   | 10529.32            | 375718.85 |
| July  | 2022 | 7830.07         | 1408.95  | 6421.12   | 11938.27            | 369297.72 |
| Aug   | 2022 | 7830.07         | 1384.87  | 6445.2    | 13323.14            | 362852.52 |
| Sept  | 2022 | 7830.07         | 1360.7   | 6469.37   | 14683.83            | 356383.15 |
| Oct   | 2022 | 7830.07         | 1336.44  | 6493.63   | 16020.27            | 349889.52 |
| Nov   | 2022 | 7830.07         | 1312.09  | 6517.98   | 17332.35            | 343371.54 |
| Dec   | 2022 | 7830.07         | 1287.64  | 6542.42   | 18620.0             | 336829.11 |
| Jan   | 2023 | 7830.07         | 1263.11  | 6566.96   | 19883.11            | 330262.15 |
| Feb   | 2023 | 7830.07         | 1238.48  | 6591.59   | 21121.59            | 323670.57 |
| Mar   | 2023 | 7830.07         | 1213.76  | 6616.3    | 22335.35            | 317054.27 |
| Apr   | 2023 | 7830.07         | 1188.95  | 6641.11   | 23524.31            | 310413.15 |
| May   | 2023 | 7830.07         | 1164.05  | 6666.02   | 24688.36            | 303747.13 |
| June  | 2023 | 7830.07         | 1139.05  | 6691.02   | 25827.41            | 297056.12 |
| July  | 2023 | 7830.07         | 1113.96  | 6716.11   | 26941.37            | 290340.01 |
| Aug   | 2023 | 7830.07         | 1088.78  | 6741.29   | 28030.14            | 283598.72 |
| Sept  | 2023 | 7830.07         | 1063.5   | 6766.57   | 29093.64            | 276832.14 |
| Oct   | 2023 | 7830.07         | 1038.12  | 6791.95   | 30131.76            | 270040.19 |
| Nov   | 2023 | 7830.07         | 1012.65  | 6817.42   | 31144.41            | 263222.78 |
| Dec   | 2023 | 7830.07         | 987.09   | 6842.98   | 32131.5             | 256379.79 |
| Jan   | 2024 | 7830.07         | 961.42   | 6868.64   | 33092.92            | 249511.15 |
| Feb   | 2024 | 7830.07         | 935.67   | 6894.4    | 34028.59            | 242616.75 |
| Mar   | 2024 | 7830.07         | 909.81   | 6920.26   | 34938.4             | 235696.49 |
| Apr   | 2024 | 7830.07         | 883.86   | 6946.21   | 35822.26            | 228750.29 |
| May   | 2024 | 7830.07         | 857.81   | 6972.25   | 36680.08            | 221778.03 |
| June  | 2024 | 7830.07         | 831.67   | 6998.4    | 37511.74            | 214779.63 |
| July  | 2024 | 7830.07         | 805.42   | 7024.64   | 38317.17            | 207754.99 |
| Aug   | 2024 | 7830.07         | 779.08   | 7050.99   | 39096.25            | 200704.0  |
| Sept  | 2024 | 7830.07         | 752.64   | 7077.43   | 39848.89            | 193626.57 |
| Oct   | 2024 | 7830.07         | 726.1    | 7103.97   | 40574.99            | 186522.61 |
| Nov   | 2024 | 7830.07         | 699.46   | 7130.61   | 41274.45            | 179392.0  |
| Dec   | 2024 | 7830.07         | 672.72   | 7157.35   | 41947.17            | 172234.65 |
| Jan   | 2025 | 7830.07         | 645.88   | 7184.19   | 42593.05            | 165050.46 |
| Feb   | 2025 | 7830.07         | 618.94   | 7211.13   | 43211.99            | 157839.33 |
| Mar   | 2025 | 7830.07         | 591.9    | 7238.17   | 43803.88            | 150601.16 |
| Apr   | 2025 | 7830.07         | 564.75   | 7265.31   | 44368.64            | 143335.85 |
| May   | 2025 | 7830.07         | 537.51   | 7292.56   | 44906.15            | 136043.29 |
| June  | 2025 | 7830.07         | 510.16   | 7319.91   | 45416.31            | 128723.38 |
| July  | 2025 | 7830.07         | 482.71   | 7347.36   | 45899.02            | 121376.03 |
| Aug   | 2025 | 7830.07         | 455.16   | 7374.91   | 46354.18            | 114001.12 |
| Sept  | 2025 | 7830.07         | 427.5    | 7402.56   | 46781.69            | 106598.56 |
| Oct   | 2025 | 7830.07         | 399.74   | 7430.32   | 47181.43            | 99168.23  |
| Nov   | 2025 | 7830.07         | 371.88   | 7458.19   | 47553.31            | 91710.05  |
| Dec   | 2025 | 7830.07         | 343.91   | 7486.16   | 47897.23            | 84223.89  |
| Jan   | 2026 | 7830.07         | 315.84   | 7514.23   | 48213.07            | 76709.66  |
| Feb   | 2026 | 7830.07         | 287.66   | 7542.41   | 48500.73            | 69167.25  |
| Mar   | 2026 | 7830.07         | 259.38   | 7570.69   | 48760.1             | 61596.56  |
| Apr   | 2026 | 7830.07         | 230.99   | 7599.08   | 48991.09            | 53997.48  |
| May   | 2026 | 7830.07         | 202.49   | 7627.58   | 49193.58            | 46369.91  |
| June  | 2026 | 7830.07         | 173.89   | 7656.18   | 49367.47            | 38713.72  |
| July  | 2026 | 7830.07         | 145.18   | 7684.89   | 49512.65            | 31028.83  |
| Aug   | 2026 | 7830.07         | 116.36   | 7713.71   | 49629.0             | 23315.12  |
| Sept  | 2026 | 7830.07         | 87.43    | 7742.64   | 49716.44            | 15572.49  |
| Oct   | 2026 | 7830.07         | 58.4     | 7771.67   | 49774.83            | 7800.82   |
| Nov   | 2026 | 7830.07         | 29.25    | 7800.82   | 49804.08            | 0.0       |
+-------+------+-----------------+----------+-----------+---------------------+-----------+